#HOLA MUNDO
VAR <- 3456
RT <- 14582
